DATE	LNS13000001	LNS13000002	LNS13027659	LNS13027660	LNS13027662	LNU03000000	LNU03000001	LNU03000002	LNU03027659	LNU03027660	LNU03027662	UNEMPLOY
1948-01-01	1478	556				2351	1789	562				2034
1948-02-01	1565	763				2807	2004	803				2328
1948-03-01	1649	750				2646	1912	734				2399
1948-04-01	1630	756				2407	1707	700				2386
1948-05-01	1492	626				2014	1430	584				2118
1948-06-01	1448	766				2408	1493	915				2214
1948-07-01	1460	753				2411	1551	860				2213
1948-08-01	1578	772				2238	1451	787				2350
1948-09-01	1588	714				2061	1343	718				2302
1948-10-01	1573	686				1747	1147	600				2259
1948-11-01	1602	683				2033	1352	681				2285
1948-12-01	1683	746				2205	1547	658				2429
1949-01-01	1830	766				2995	2218	777				2596
1949-02-01	2003	846				3474	2586	888				2849
1949-03-01	2211	819				3383	2585	798				3030
1949-04-01	2293	967				3277	2382	895				3260
1949-05-01	2639	1068				3516	2503	1013				3707
1949-06-01	2686	1090				3966	2713	1253				3776
1949-07-01	2884	1227				4388	3025	1363				4111
1949-08-01	2962	1231				3956	2701	1255				4193
1949-09-01	2822	1227				3635	2409	1226				4049
1949-10-01	3695	1221				3788	2709	1079				4916
1949-11-01	2855	1141				3570	2413	1157				3996
1949-12-01	2838	1225				3690	2621	1069				4063
1950-01-01	2776	1250				4648	3358	1290				4026
1950-02-01	2707	1229				4791	3489	1302				3936
1950-03-01	2680	1196				4313	3139	1174				3876
1950-04-01	2583	992				3665	2720	945				3575
1950-05-01	2377	1057				3263	2258	1005				3434
1950-06-01	2234	1133				3551	2279	1272				3367
1950-07-01	2089	1031				3316	2187	1129				3120
1950-08-01	1906	893				2613	1714	899				2799
1950-09-01	1842	932				2490	1556	934				2774
1950-10-01	1728	897				2055	1261	794				2625
1950-11-01	1612	977				2356	1363	993				2589
1950-12-01	1661	978				2409	1556	853				2639
1951-01-01	1439	866				2649	1745	904				2305
1951-02-01	1282	835				2538	1654	884				2117
1951-03-01	1185	940				2323	1387	936				2125
1951-04-01	1089	830				1938	1144	794				1919
1951-05-01	1059	797				1770	1006	764				1856
1951-06-01	1186	809				2132	1224	908				1995
1951-07-01	1172	778				2072	1232	840				1950
1951-08-01	1190	743				1806	1064	742				1933
1951-09-01	1202	865				1886	1014	872				2067
1951-10-01	1333	861				1754	984	770				2194
1951-11-01	1315	863				1990	1108	882				2178
1951-12-01	1150	810				1796	1082	714				1960
1952-01-01	1226	746				2258	1480	778				1972
1952-02-01	1217	740				2340	1556	784				1957
1952-03-01	1155	658				2002	1350	652				1813
1952-04-01	1139	672				1836	1188	648				1811
1952-05-01	1110	753				1782	1050	732				1863
1952-06-01	1202	682				2032	1254	778				1884
1952-07-01	1282	709				2085	1328	757				1991
1952-08-01	1351	736				1918	1186	732				2087
1952-09-01	1283	653				1728	1070	658				1936
1952-10-01	1104	735				1480	824	656				1839
1952-11-01	1080	663				1594	914	680				1743
1952-12-01	1067	600				1545	1018	527				1667
1953-01-01	1236	603				2132	1504	628				1839
1953-02-01	1060	576				1964	1362	602				1636
1953-03-01	1018	629				1828	1200	628				1647
1953-04-01	1138	585				1764	1202	562				1723
1953-05-01	1086	510				1536	1034	502				1596
1953-06-01	1053	554				1732	1102	630				1607
1953-07-01	1095	565				1710	1120	590				1660
1953-08-01	1089	576				1512	944	568				1665
1953-09-01	1157	664				1619	955	664				1821
1953-10-01	1275	699				1572	950	622				1974
1953-11-01	1497	714				2017	1274	743				2211
1953-12-01	1843	975				2634	1781	853				2818
1954-01-01	1938	1139				3561	2362	1199				3077
1954-02-01	2163	1168				3983	2760	1223				3331
1954-03-01	2329	1278				4037	2768	1269				3607
1954-04-01	2473	1276				3846	2606	1240				3749
1954-05-01	2522	1245				3658	2413	1245				3767
1954-06-01	2342	1209				3681	2363	1318				3551
1954-07-01	2444	1215				3679	2442	1237				3659
1954-08-01	2643	1211				3470	2270	1200				3854
1954-09-01	2649	1278				3433	2164	1269				3927
1954-10-01	2520	1146				2929	1908	1021				3666
1954-11-01	2303	1099				3115	1978	1137				3402
1954-12-01	2174	1022				3009	2107	902				3196
1955-01-01	2106	1051				3669	2554	1115				3157
1955-02-01	1985	984				3569	2531	1038				2969
1955-03-01	1966	952				3297	2366	931				2918
1955-04-01	2091	958				3162	2225	937				3049
1955-05-01	1793	954				2690	1729	961				2747
1955-06-01	1744	957				2893	1820	1073				2701
1955-07-01	1689	943				2662	1686	976				2632
1955-08-01	1750	1034				2536	1508	1028				2784
1955-09-01	1637	1041				2338	1318	1020				2678
1955-10-01	1764	1066				2284	1336	948				2830
1955-11-01	1746	1034				2536	1486	1050				2780
1955-12-01	1718	1043				2601	1691	910				2761
1956-01-01	1708	958				3066	2063	1003				2666
1956-02-01	1703	903				3092	2153	939				2606
1956-03-01	1696	1068				3095	2051	1044				2764
1956-04-01	1637	1013				2710	1723	987				2650
1956-05-01	1776	1085				2799	1707	1092				2861
1956-06-01	1785	1097				3179	1878	1301				2882
1956-07-01	1728	1224				2984	1699	1285				2952
1956-08-01	1662	1039				2467	1440	1027				2701
1956-09-01	1633	1002				2273	1300	973				2635
1956-10-01	1567	1004				2091	1206	885				2571
1956-11-01	1813	1048				2599	1543	1056				2861
1956-12-01	1779	1011				2660	1769	891				2790
1957-01-01	1764	1032				3206	2122	1084				2796
1957-02-01	1638	984				3085	2066	1019				2622
1957-03-01	1583	926				2822	1908	914				2509
1957-04-01	1707	893				2627	1769	858				2600
1957-05-01	1694	1016				2635	1610	1025				2710
1957-06-01	1813	1043				3131	1909	1222				2856
1957-07-01	1746	1050				2843	1717	1126				2796
1957-08-01	1740	1007				2526	1528	998				2747
1957-09-01	1938	1005				2503	1536	967				2943
1957-10-01	2007	1013				2465	1563	902				3020
1957-11-01	2338	1116				3127	2001	1126				3454
1957-12-01	2361	1115				3332	2360	972				3476
1958-01-01	2574	1301				4464	3120	1344				3875
1958-02-01	2847	1456				5116	3589	1527				4303
1958-03-01	3046	1446				5155	3711	1444				4492
1958-04-01	3336	1680				5064	3450	1614				5016
1958-05-01	3405	1616				4832	3219	1613				5021
1958-06-01	3361	1583				5223	3386	1837				4944
1958-07-01	3470	1609				5098	3359	1739				5079
1958-08-01	3422	1603				4607	3015	1592				5025
1958-09-01	3263	1558				4058	2573	1485				4821
1958-10-01	3077	1493				3750	2407	1343				4570
1958-11-01	2868	1320				3785	2474	1311				4188
1958-12-01	2828	1363				4068	2869	1199				4191
1959-01-01	2690	1378				4678	3246	1432				4068
1959-02-01	2640	1325				4698	3308	1390				3965
1959-03-01	2424	1377				4298	2923	1375				3801
1959-04-01	2206	1365				3558	2263	1295				3571
1959-05-01	2182	1297				3327	2043	1284				3479
1959-06-01	2166	1263				3780	2262	1518				3429
1959-07-01	2254	1274				3605	2214	1391				3528
1959-08-01	2323	1265				3347	2086	1261				3588
1959-09-01	2518	1257				3195	1998	1197				3775
1959-10-01	2523	1387				3231	1979	1252				3910
1959-11-01	2703	1300				3636	2348	1288				4003
1959-12-01	2328	1325				3521	2369	1152				3653
1960-01-01	2325	1290				4119	2798	1321				3615
1960-02-01	2108	1221				3886	2636	1250				3329
1960-03-01	2419	1307				4164	2878	1286				3726
1960-04-01	2335	1285				3607	2392	1215				3620
1960-05-01	2296	1273				3380	2128	1252				3569
1960-06-01	2413	1353				4172	2536	1636				3766
1960-07-01	2471	1365				3884	2411	1473				3836
1960-08-01	2589	1357				3711	2346	1365				3946
1960-09-01	2547	1337				3315	2032	1283				3884
1960-10-01	2767	1485				3537	2176	1361				4252
1960-11-01	2799	1531				3967	2450	1517				4330
1960-12-01	2956	1661				4470	3038	1432				4617
1961-01-01	3041	1630				5335	3673	1662				4671
1961-02-01	3076	1756				5654	3844	1810				4832
1961-03-01	3067	1786				5423	3653	1770				4853
1961-04-01	3146	1747				4887	3216	1671				4893
1961-05-01	3236	1767				4671	2967	1704				5003
1961-06-01	3050	1835				5313	3141	2172				4885
1961-07-01	3101	1827				4961	2991	1970				4928
1961-08-01	3010	1672				4440	2747	1693				4682
1961-09-01	2943	1733				4034	2361	1673				4676
1961-10-01	2848	1725				3863	2253	1610				4573
1961-11-01	2724	1571				3941	2385	1556				4295
1961-12-01	2657	1520				4041	2732	1309				4177
1962-01-01	2482	1599				4621	2992	1629				4081
1962-02-01	2396	1475				4481	2973	1508				3871
1962-03-01	2428	1493				4323	2854	1469				3921
1962-04-01	2430	1476				3863	2470	1393				3906
1962-05-01	2431	1432				3592	2223	1369				3863
1962-06-01	2448	1396				4219	2546	1673				3844
1962-07-01	2363	1456				3829	2272	1557				3819
1962-08-01	2470	1543				3842	2266	1576				4013
1962-09-01	2427	1534				3455	1959	1496				3961
1962-10-01	2326	1477				3234	1843	1391				3803
1962-11-01	2499	1525				3726	2206	1520				4024
1962-12-01	2405	1502				3760	2479	1281				3907
1963-01-01	2519	1555				4627	3049	1578				4074
1963-02-01	2647	1591				4870	3256	1614				4238
1963-03-01	2546	1526				4442	2964	1478				4072
1963-04-01	2525	1530				3993	2546	1447				4055
1963-05-01	2557	1660				3949	2355	1594				4217
1963-06-01	2393	1584				4554	2576	1978				3977
1963-07-01	2424	1627				4140	2393	1747				4051
1963-08-01	2333	1545				3755	2157	1598				3878
1963-09-01	2316	1641				3470	1870	1600				3957
1963-10-01	2342	1645				3394	1842	1552				3987
1963-11-01	2496	1655				3858	2210	1648				4151
1963-12-01	2378	1597				3788	2437	1351				3975
1964-01-01	2383	1646				4518	2848	1670				4029
1964-02-01	2277	1655				4461	2773	1688				3932
1964-03-01	2289	1661				4225	2623	1602				3950
1964-04-01	2275	1643				3831	2276	1555				3918
1964-05-01	2154	1610				3528	1994	1534				3764
1964-06-01	2245	1569				4453	2481	1972				3814
1964-07-01	2104	1504				3675	2079	1596				3608
1964-08-01	2147	1508				3551	1984	1567				3655
1964-09-01	2185	1527				3262	1772	1490				3712
1964-10-01	2174	1552				3198	1721	1477				3726
1964-11-01	2045	1506				3318	1819	1499				3551
1964-12-01	2068	1583				3409	2093	1316				3651
1965-01-01	2071	1501				3942	2448	1494				3572
1965-02-01	2090	1640				4172	2527	1645				3730
1965-03-01	1971	1539				3699	2251	1448				3510
1965-04-01	2066	1529				3492	2049	1443				3595
1965-05-01	2002	1430				3214	1855	1359				3432
1965-06-01	1887	1500				4057	2161	1896				3387
1965-07-01	1903	1398				3429	1933	1496				3301
1965-08-01	1876	1378				3165	1735	1430				3254
1965-09-01	1806	1410				2842	1472	1370				3216
1965-10-01	1796	1347				2709	1421	1288				3143
1965-11-01	1647	1426				2888	1467	1421				3073
1965-12-01	1665	1366				2786	1654	1132				3031
1966-01-01	1647	1341				3244	1920	1324				2988
1966-02-01	1577	1243				3109	1871	1238				2820
1966-03-01	1615	1272				2990	1814	1176				2887
1966-04-01	1525	1303				2730	1500	1230				2828
1966-05-01	1529	1421				2793	1437	1356				2950
1966-06-01	1548	1324				3592	1826	1766				2872
1966-07-01	1558	1318				3050	1611	1439				2876
1966-08-01	1539	1361				2821	1417	1404				2900
1966-09-01	1495	1303				2503	1223	1280				2798
1966-10-01	1446	1352				2465	1156	1309				2798
1966-11-01	1486	1284				2579	1313	1266				2770
1966-12-01	1560	1352				2655	1537	1118				2912
1967-01-01	1463	1505				3159	1703	1456				2968
1967-02-01	1476	1439				3184	1735	1449				2915
1967-03-01	1477	1412				2954	1634	1320				2889
1967-04-01	1516	1379				2664	1432	1232				2895
1967-05-01	1539	1390				2458	1292	1166				2929
1967-06-01	1546	1446				3628	1815	1813				2992
1967-07-01	1484	1460				3249	1609	1640				2944
1967-08-01	1546	1399				2942	1441	1501				2945
1967-09-01	1430	1528				2895	1214	1681				2958
1967-10-01	1521	1622				2952	1324	1628				3143
1967-11-01	1552	1514				2903	1418	1485				3066
1967-12-01	1520	1498				2720	1471	1249				3018
1968-01-01	1461	1417				3074	1704	1370				2878
1968-02-01	1532	1469				3287	1808	1479				3001
1968-03-01	1472	1405				2929	1619	1310				2877
1968-04-01	1360	1349				2491	1289	1202				2709
1968-05-01	1344	1396				2304	1135	1169				2740
1968-06-01	1502	1436				3615	1775	1840				2938
1968-07-01	1420	1463				3217	1548	1669				2883
1968-08-01	1404	1364				2772	1309	1463				2768
1968-09-01	1358	1328				2607	1155	1452				2686
1968-10-01	1356	1333				2510	1178	1332				2689
1968-11-01	1346	1369				2576	1229	1347				2715
1968-12-01	1324	1361				2418	1283	1135				2685
1969-01-01	1360	1358				2875	1568	1307				2718
1969-02-01	1317	1375				2923	1539	1384				2692
1969-03-01	1340	1372				2747	1461	1286				2712
1969-04-01	1323	1435				2542	1253	1289				2758
1969-05-01	1312	1401				2300	1114	1186				2713
1969-06-01	1356	1460				3399	1580	1819				2816
1969-07-01	1472	1396				3182	1608	1574				2868
1969-08-01	1386	1470				2870	1293	1577				2856
1969-09-01	1543	1497				2958	1321	1637				3040
1969-10-01	1512	1537				2840	1309	1531				3049
1969-11-01	1454	1402				2711	1329	1382				2856
1969-12-01	1494	1390				2627	1462	1165				2884
1970-01-01	1666	1535				3406	1935	1471				3201
1970-02-01	1846	1607				3794	2178	1616				3453
1970-03-01	1890	1745				3732	2081	1651				3635
1970-04-01	2065	1732				3552	1981	1571				3797
1970-05-01	2126	1793				3385	1844	1541				3919
1970-06-01	2294	1777				4671	2533	2138				4071
1970-07-01	2336	1839				4514	2477	2037				4175
1970-08-01	2370	1886				4226	2211	2016				4256
1970-09-01	2483	1973				4300	2146	2153				4456
1970-10-01	2558	2033				4269	2244	2025				4591
1970-11-01	2680	2218				4618	2441	2178				4898
1970-12-01	2884	2192				4650	2784	1866				5076
1971-01-01	2795	2191				5429	3261	2168				4986
1971-02-01	2731	2172				5458	3245	2212				4903
1971-03-01	2723	2264				5190	3017	2174				4987
1971-04-01	2712	2247				4712	2652	2059				4959
1971-05-01	2782	2214				4415	2466	1949				4996
1971-06-01	2769	2180				5511	2985	2526				4949
1971-07-01	2802	2233				5354	2921	2433				5035
1971-08-01	2870	2264				5086	2681	2405				5134
1971-09-01	2807	2235				4867	2439	2428				5042
1971-10-01	2744	2210				4599	2407	2192				4954
1971-11-01	2861	2300				4846	2598	2248				5161
1971-12-01	2904	2250				4728	2804	1924				5154
1972-01-01	2807	2212				5481	3260	2221				5019
1972-02-01	2829	2099				5446	3313	2133				4928
1972-03-01	2811	2227				5250	3097	2153				5038
1972-04-01	2727	2232				4732	2689	2044				4959
1972-05-01	2701	2221				4382	2412	1970				4922
1972-06-01	2636	2287				5467	2851	2616				4923
1972-07-01	2574	2339				5216	2684	2533				4913
1972-08-01	2628	2311				4901	2461	2439				4939
1972-09-01	2587	2262				4705	2265	2440				4849
1972-10-01	2587	2288				4518	2255	2263				4875
1972-11-01	2494	2108				4317	2268	2049				4602
1972-12-01	2443	2100				4169	2360	1809				4543
1973-01-01	2267	2059				4730	2636	2094				4326
1973-02-01	2337	2115				4898	2744	2154				4452
1973-03-01	2329	2065				4564	2562	2003				4394
1973-04-01	2355	2104				4227	2317	1910				4459
1973-05-01	2341	1988				3855	2085	1770				4329
1973-06-01	2250	2113				4907	2478	2429				4363
1973-07-01	2207	2098				4613	2324	2289				4305
1973-08-01	2214	2091				4273	2071	2202				4305
1973-09-01	2207	2143				4230	1937	2293				4350
1973-10-01	2142	2002				3830	1858	1973				4144
1973-11-01	2265	2131				4127	2067	2060				4396
1973-12-01	2310	2179				4130	2233	1897				4489
1974-01-01	2434	2210				5081	2808	2274				4644
1974-02-01	2511	2220				5212	2941	2271				4731
1974-03-01	2433	2201				4826	2675	2151				4634
1974-04-01	2479	2139				4372	2443	1929				4618
1974-05-01	2447	2258				4219	2191	2028				4705
1974-06-01	2575	2352				5459	2802	2657				4927
1974-07-01	2586	2477				5341	2683	2658				5063
1974-08-01	2662	2360				4967	2488	2479				5022
1974-09-01	2821	2616				5287	2500	2788				5437
1974-10-01	2940	2583				5131	2571	2560				5523
1974-11-01	3236	2904				5775	2970	2805				6140
1974-12-01	3602	3034				6199	3500	2699				6636
1975-01-01	4075	3426				8272	4699	3573				7501
1975-02-01	4160	3360				8399	4919	3480				7520
1975-03-01	4427	3551				8446	4941	3506				7978
1975-04-01	4621	3589				7908	4623	3286				8210
1975-05-01	4745	3688				7715	4345	3369				8433
1975-06-01	4690	3530				8667	4852	3815				8220
1975-07-01	4638	3489				8311	4637	3675				8127
1975-08-01	4453	3475				7799	4161	3638				7928
1975-09-01	4521	3402				7624	4004	3620				7923
1975-10-01	4429	3468				7350	3898	3452				7897
1975-11-01	4395	3399				7341	4051	3290				7794
1975-12-01	4269	3475				7307	4175	3132				7744
1976-01-01	4142	3392				8286	4757	3529				7534
1976-02-01	3961	3365				8143	4674	3469				7326
1976-03-01	3931	3299				7631	4379	3252				7230
1976-04-01	4011	3319				6996	3968	3028				7330
1976-05-01	3928	3125				6415	3573	2842				7053
1976-06-01	4048	3274				7772	4208	3564				7322
1976-07-01	4050	3440				7697	4083	3615				7490
1976-08-01	3969	3549				7443	3717	3726				7518
1976-09-01	3992	3388				7148	3537	3611				7380
1976-10-01	4027	3403				6958	3564	3394				7430
1976-11-01	4197	3423				7224	3901	3323				7620
1976-12-01	4161	3384				7154	4082	3073				7545
1977-01-01	3920	3360				7980	4507	3473				7280
1977-02-01	4034	3409				8237	4748	3490				7443
1977-03-01	3847	3460				7680	4288	3393				7307
1977-04-01	3689	3370				6692	3621	3071				7059
1977-05-01	3729	3182				6280	3373	2908				6911
1977-06-01	3715	3419				7589	3876	3712				7134
1977-07-01	3567	3262				7081	3640	3441				6829
1977-08-01	3615	3310				6897	3399	3498				6925
1977-09-01	3409	3342				6579	3020	3559				6751
1977-10-01	3521	3242				6365	3123	3242				6763
1977-11-01	3436	3379				6495	3208	3287				6815
1977-12-01	3280	3106				6031	3211	2821				6386
1978-01-01	3337	3152				7048	3816	3233				6489
1978-02-01	3335	2983				6886	3874	3012				6318
1978-03-01	3319	3018				6621	3686	2935				6337
1978-04-01	3161	3019				5826	3081	2745				6180
1978-05-01	3067	3060				5605	2784	2822				6127
1978-06-01	2947	3081				6481	3091	3390				6028
1978-07-01	3044	3265				6597	3141	3456				6309
1978-08-01	3008	3072				6090	2840	3250				6080
1978-09-01	3037	3088				5958	2679	3279				6125
1978-10-01	3063	2884				5624	2734	2889				5947
1978-11-01	3034	3043				5797	2846	2951				6077
1978-12-01	3184	3044				5896	3127	2770				6228
1979-01-01	3116	2993				6602	3549	3053				6109
1979-02-01	3134	3039				6649	3605	3044				6173
1979-03-01	3109	3000				6325	3430	2896				6109
1979-04-01	3080	2989				5720	2996	2725				6069
1979-05-01	2913	2927				5419	2685	2734				5840
1979-06-01	2950	3009				6409	3094	3315				5959
1979-07-01	3091	2905				6282	3174	3109				5996
1979-08-01	3163	3157				6315	2986	3330				6320
1979-09-01	3186	3004				5978	2807	3171				6190
1979-10-01	3211	3085				5964	2861	3104				6296
1979-11-01	3243	2995				5964	3050	2915				6238
1979-12-01	3233	3092				6027	3201	2825				6325
1980-01-01	3547	3136				7234	4047	3187				6683
1980-02-01	3535	3167				7177	4029	3149				6702
1980-03-01	3627	3102				6983	4002	2980				6729
1980-04-01	4103	3255				7023	4043	2980				7358
1980-05-01	4559	3425				7501	4258	3244				7984
1980-06-01	4670	3428				8481	4747	3734				8098
1980-07-01	4828	3535				8603	4842	3760				8363
1980-08-01	4744	3537				8202	4483	3719				8281
1980-09-01	4678	3343				7655	4156	3499				8021
1980-10-01	4577	3511				7674	4120	3555				8088
1980-11-01	4513	3510				7682	4262	3421				8023
1980-12-01	4224	3494				7430	4218	3212				7718
1981-01-01	4476	3595				8746	5092	3654				8071
1981-02-01	4486	3565				8614	5073	3542				8051
1981-03-01	4407	3575				8271	4828	3443				7982
1981-04-01	4303	3566				7561	4263	3298				7869
1981-05-01	4538	3636				7731	4256	3474				8174
1981-06-01	4480	3618				8485	4582	3903				8098
1981-07-01	4246	3617				8130	4259	3872				7863
1981-08-01	4445	3591				7947	4173	3774				8036
1981-09-01	4470	3760				7884	3988	3896				8230
1981-10-01	4754	3892				8216	4279	3937				8646
1981-11-01	5049	3980				8676	4789	3887				9029
1981-12-01	5296	3971				9013	5346	3667				9267
1982-01-01	5396	4001				10183	6117	4066				9397
1982-02-01	5494	4211				10378	6184	4194				9705
1982-03-01	5681	4214				10290	6206	4084				9895
1982-04-01	5838	4406				9957	5850	4107				10244
1982-05-01	5887	4448				9957	5669	4288				10335
1982-06-01	6135	4403				10886	6211	4675				10538
1982-07-01	6261	4588				11036	6172	4863				10849
1982-08-01	6348	4533				10710	5941	4769				10881
1982-09-01	6635	4582				10695	5961	4734				11217
1982-10-01	6819	4710				10942	6172	4771				11529
1982-11-01	6998	4940				11476	6660	4816				11938
1982-12-01	7030	5021				11628	7009	4619				12051
1983-01-01	6679	4855				12517	7552	4965				11534
1983-02-01	6782	4763				12382	7632	4751				11545
1983-03-01	6709	4699				11879	7298	4581				11408
1983-04-01	6680	4588				11035	6736	4299				11268
1983-05-01	6611	4543				10765	6362	4404				11154
1983-06-01	6420	4826				11570	6498	5072				11246
1983-07-01	6193	4355				10707	6097	4610				10548
1983-08-01	6234	4389				10411	5790	4621				10623
1983-09-01	6006	4276				9830	5408	4422				10282
1983-10-01	5753	4134				9383	5208	4174				9887
1983-11-01	5481	4018				9129	5227	3902				9499
1983-12-01	5286	4045				8992	5310	3683				9331
1984-01-01	5127	3881				9755	5797	3958				9008
1984-02-01	4951	3840				9407	5574	3833				8791
1984-03-01	4901	3845				9057	5304	3753				8746
1984-04-01	4897	3865				8525	4909	3615				8762
1984-05-01	4669	3787				8154	4472	3682				8456
1984-06-01	4546	3680				8582	4664	3917				8226
1984-07-01	4719	3818				8714	4674	4040				8537
1984-08-01	4634	3885				8382	4273	4110				8519
1984-09-01	4659	3708				8051	4197	3854				8367
1984-10-01	4547	3834				7989	4127	3862				8381
1984-11-01	4518	3680				7869	4315	3554				8198
1984-12-01	4629	3729				7978	4623	3355				8358
1985-01-01	4575	3848				9131	5205	3926				8423
1985-02-01	4548	3773				8902	5133	3769				8321
1985-03-01	4490	3849				8625	4868	3758				8339
1985-04-01	4577	3818				8150	4580	3570				8395
1985-05-01	4425	3877				8011	4234	3777				8302
1985-06-01	4642	3818				8753	4709	4044				8460
1985-07-01	4663	3850				8682	4604	4078				8513
1985-08-01	4471	3725				8051	4098	3953				8196
1985-09-01	4466	3782				7984	4023	3961				8248
1985-10-01	4571	3727				7917	4171	3746				8298
1985-11-01	4434	3694				7815	4250	3565				8128
1985-12-01	4402	3736				7717	4374	3344				8138
1986-01-01	4208	3587				8472	4810	3663				7795
1986-02-01	4551	3851				9041	5161	3880				8402
1986-03-01	4540	3843				8667	4928	3739				8383
1986-04-01	4523	3841				8115	4527	3588				8364
1986-05-01	4646	3793				8158	4460	3698				8439
1986-06-01	4670	3838				8775	4718	4057				8508
1986-07-01	4656	3663				8471	4582	3889				8319
1986-08-01	4489	3646				7955	4097	3858				8135
1986-09-01	4656	3654				8015	4177	3839				8310
1986-10-01	4565	3678				7842	4159	3683				8243
1986-11-01	4525	3634				7872	4360	3512				8159
1986-12-01	4430	3453				7461	4382	3079				7883
1987-01-01	4396	3496				8620	5052	3568				7892
1987-02-01	4375	3490				8503	4976	3527				7865
1987-03-01	4314	3548				8124	4693	3432				7862
1987-04-01	4186	3356				7306	4185	3120				7542
1987-05-01	4250	3324				7318	4078	3240				7574
1987-06-01	4165	3233				7655	4199	3456				7398
1987-07-01	4014	3254				7453	3963	3490				7268
1987-08-01	4050	3211				7088	3696	3392				7261
1987-09-01	3850	3252				6857	3437	3420				7102
1987-10-01	3912	3315				6845	3549	3297				7227
1987-11-01	3796	3239				6802	3669	3133				7035
1987-12-01	3773	3163				6526	3711	2816				6936
1988-01-01	3773	3180				7603	4364	3239				6953
1988-02-01	3701	3228				7482	4232	3250				6929
1988-03-01	3801	3075				7090	4136	2955				6876
1988-04-01	3530	3071				6359	3510	2849				6601
1988-05-01	3719	3060				6553	3575	2978				6779
1988-06-01	3591	2955				6819	3628	3191				6546
1988-07-01	3573	3032				6823	3529	3294				6605
1988-08-01	3796	3047				6659	3450	3209				6843
1988-09-01	3570	3034				6368	3183	3186				6604
1988-10-01	3617	2951				6182	3267	2915				6568
1988-11-01	3583	2954				6325	3464	2860				6537
1988-12-01	3581	2937				6142	3517	2625				6518
1989-01-01	3672	3010				7309	4252	3057				6682
1989-02-01	3531	2828				6883	4040	2843				6359
1989-03-01	3298	2907				6378	3597	2781				6205
1989-04-01	3514	2954				6229	3499	2730				6468
1989-05-01	3377	2998				6156	3249	2907				6375
1989-06-01	3448	3129				6850	3484	3365				6577
1989-07-01	3364	3131				6736	3308	3428				6495
1989-08-01	3478	3033				6352	3157	3195				6511
1989-09-01	3640	2950				6330	3248	3081				6590
1989-10-01	3610	3020				6222	3243	2979				6630
1989-11-01	3693	3032				6495	3563	2933				6725
1989-12-01	3631	3036				6300	3565	2735				6667
1990-01-01	3728	3024				7413	4341	3072				6752
1990-02-01	3602	3049				7296	4191	3105				6651
1990-03-01	3585	3013				6852	3946	2906				6598
1990-04-01	3755	3042				6620	3772	2847				6797
1990-05-01	3683	3059				6533	3574	2960				6742
1990-06-01	3649	2941				6884	3707	3177				6590
1990-07-01	3833	3089				7137	3763	3374				6922
1990-08-01	3986	3202				7008	3627	3381				7188
1990-09-01	4071	3297				7003	3627	3376				7368
1990-10-01	4205	3254				6892	3704	3188				7459
1990-11-01	4421	3343				7396	4184	3212				7764
1990-12-01	4531	3370				7525	4441	3084				7901
1991-01-01	4500	3515				8787	5214	3572				8015
1991-02-01	4763	3502				9121	5565	3556				8265
1991-03-01	4980	3606				8995	5499	3496				8586
1991-04-01	4887	3552				8226	4904	3322				8439
1991-05-01	4961	3775				8435	4808	3628				8736
1991-06-01	4984	3708				8992	5018	3975				8692
1991-07-01	5010	3576				8792	4891	3902				8586
1991-08-01	4961	3705				8439	4528	3911				8666
1991-09-01	5059	3663				8270	4532	3738				8722
1991-10-01	5026	3816				8232	4468	3764				8842
1991-11-01	5097	3834				8494	4807	3687				8931
1991-12-01	5232	3966				8755	5115	3639				9198
1992-01-01	5428	3855	1490	2572	856	10186	6258	3928	1674	2995	891	9283
1992-02-01	5481	3973	1499	2653	894	10401	6384	4017	1650	3045	932	9454
1992-03-01	5471	3989	1511	2613	814	9913	6038	3876	1689	2884	811	9460
1992-04-01	5399	4016	1440	2644	886	9135	5393	3742	1446	2658	814	9415
1992-05-01	5649	4095	1642	2626	907	9389	5471	3918	1518	2456	816	9744
1992-06-01	5813	4227	1624	2571	906	10366	5840	4525	1576	2437	935	10040
1992-07-01	5593	4257	1636	2523	887	10099	5463	4636	1599	2458	934	9850
1992-08-01	5589	4198	1570	2776	837	9605	5156	4449	1473	2684	958	9787
1992-09-01	5586	4195	1548	2519	910	9316	5033	4283	1438	2343	963	9781
1992-10-01	5437	3961	1496	2503	934	8813	4893	3920	1407	2279	905	9398
1992-11-01	5481	4084	1512	2503	973	9086	5159	3927	1449	2362	917	9565
1992-12-01	5330	4227	1459	2566	936	9045	5191	3855	1476	2480	845	9557
1993-01-01	5219	4106	1417	2457	901	10158	5951	4207	1600	2874	939	9325
1993-02-01	5184	3999	1428	2349	908	10004	5996	4009	1574	2696	937	9183
1993-03-01	5280	3776	1387	2388	908	9478	5808	3670	1561	2640	907	9056
1993-04-01	5194	3916	1377	2371	918	8835	5188	3647	1392	2387	838	9110
1993-05-01	5140	4009	1357	2424	858	8807	4978	3828	1252	2264	775	9149
1993-06-01	5207	3914	1402	2403	852	9473	5245	4227	1344	2269	880	9121
1993-07-01	5112	3818	1329	2398	810	9223	5034	4189	1291	2339	862	8930
1993-08-01	4995	3768	1323	2320	750	8655	4657	3998	1238	2233	870	8763
1993-09-01	4916	3798	1326	2346	824	8302	4428	3874	1225	2181	872	8714
1993-10-01	4890	3860	1332	2416	841	8296	4450	3847	1251	2196	809	8750
1993-11-01	4702	3840	1285	2253	840	8094	4410	3683	1233	2135	784	8542
1993-12-01	4661	3816	1341	2241	840	7959	4519	3440	1357	2163	758	8477
1994-01-01	4802	3828	1296	2199	860	9492	5526	3966	1485	2595	896	8630
1994-02-01	4759	3824	1276	2246	830	9262	5434	3828	1416	2578	844	8583
1994-03-01	4584	3886	1280	2166	819	8874	5064	3811	1450	2398	827	8470
1994-04-01	4513	3818	1233	2067	752	8078	4535	3543	1252	2069	678	8331
1994-05-01	4287	3628	1136	1982	767	7656	4158	3498	1037	1828	696	7915
1994-06-01	4284	3643	1183	2003	762	8251	4319	3931	1111	1884	787	7927
1994-07-01	4430	3516	1198	1934	805	8281	4409	3872	1143	1892	867	7946
1994-08-01	4319	3614	1196	1993	764	7868	4031	3838	1110	1895	916	7933
1994-09-01	4139	3595	1179	1857	778	7379	3724	3655	1085	1730	819	7734
1994-10-01	4156	3476	1201	1815	739	7155	3745	3410	1131	1668	700	7632
1994-11-01	3960	3415	1142	1786	698	6973	3700	3272	1101	1704	642	7375
1994-12-01	3933	3297	1041	1729	698	6690	3767	2922	1069	1670	627	7230
1995-01-01	4007	3368	1121	1866	718	8101	4631	3470	1303	2211	751	7375
1995-02-01	3866	3321	1079	1721	717	7685	4358	3327	1202	1977	724	7187
1995-03-01	3817	3336	953	1641	784	7480	4204	3277	1088	1811	786	7153
1995-04-01	4029	3616	1072	1868	842	7378	4035	3343	1092	1859	754	7645
1995-05-01	4100	3330	1050	1859	763	7185	3961	3224	948	1697	702	7430
1995-06-01	3982	3445	1038	1744	807	7727	4010	3717	968	1636	835	7427
1995-07-01	3984	3543	1066	1724	771	7892	3993	3899	1009	1696	841	7527
1995-08-01	4060	3424	1114	1666	787	7457	3807	3650	1026	1593	949	7484
1995-09-01	4022	3456	1101	1730	740	7167	3642	3525	1010	1617	775	7478
1995-10-01	3838	3490	1103	1638	745	6884	3474	3410	1035	1517	698	7328
1995-11-01	4061	3365	1131	1746	742	7024	3796	3228	1091	1671	682	7426
1995-12-01	4044	3379	1114	1733	747	6872	3887	2986	1143	1677	667	7423
1996-01-01	3971	3520	1069	1797	755	8270	4605	3665	1260	2130	790	7491
1996-02-01	4002	3311	1096	1730	743	7858	4529	3329	1225	1983	747	7313
1996-03-01	4056	3262	1142	1732	703	7700	4483	3217	1309	1906	700	7318
1996-04-01	4054	3361	1136	1787	742	7124	4036	3089	1156	1768	653	7415
1996-05-01	4024	3399	1214	1754	750	7166	3867	3300	1098	1593	695	7423
1996-06-01	3848	3247	1068	1676	697	7377	3868	3509	993	1572	724	7095
1996-07-01	3966	3371	1090	1739	715	7693	3982	3711	1024	1719	788	7337
1996-08-01	3593	3289	1052	1615	671	6868	3355	3514	963	1538	817	6882
1996-09-01	3756	3223	1010	1689	711	6700	3413	3287	929	1586	743	6979
1996-10-01	3691	3340	963	1723	698	6577	3337	3240	896	1599	648	7031
1996-11-01	3828	3408	1044	1725	756	6816	3555	3261	1010	1662	697	7236
1996-12-01	3654	3599	1041	1700	743	6680	3525	3156	1069	1654	664	7253
1997-01-01	3848	3310	1107	1691	682	7933	4477	3457	1321	2006	712	7158
1997-02-01	3719	3383	1109	1715	671	7647	4233	3415	1244	1963	676	7102
1997-03-01	3734	3266	1059	1671	671	7399	4158	3241	1222	1832	663	7000
1997-04-01	3703	3170	1051	1614	657	6551	3650	2901	1061	1590	578	6873
1997-05-01	3387	3268	1072	1581	720	6398	3223	3175	964	1436	672	6655
1997-06-01	3660	3139	1029	1648	673	7094	3693	3401	956	1544	704	6799
1997-07-01	3500	3155	972	1586	685	6981	3517	3463	911	1576	762	6655
1997-08-01	3502	3106	953	1609	699	6594	3259	3335	872	1535	852	6608
1997-09-01	3483	3173	1004	1562	718	6403	3178	3225	921	1468	740	6656
1997-10-01	3469	2985	969	1562	636	5995	3130	2865	891	1447	596	6454
1997-11-01	3361	2947	919	1446	584	5914	3098	2816	893	1383	534	6308
1997-12-01	3422	3054	942	1528	600	5957	3304	2653	962	1497	535	6476
1998-01-01	3329	3040	878	1492	632	7069	3882	3186	1065	1782	664	6368
1998-02-01	3276	3030	894	1507	626	6804	3733	3070	1000	1734	632	6306
1998-03-01	3380	3042	890	1595	626	6816	3779	3038	1033	1760	614	6422
1998-04-01	3044	2897	920	1471	561	5643	2988	2655	920	1453	501	5941
1998-05-01	3199	2848	888	1373	575	5764	2997	2767	796	1261	533	6047
1998-06-01	3270	2941	923	1483	590	6534	3326	3207	858	1394	620	6212
1998-07-01	3403	2856	906	1531	579	6567	3418	3149	842	1504	643	6259
1998-08-01	3229	2950	881	1468	623	6173	3003	3170	800	1407	747	6179
1998-09-01	3384	2916	867	1539	595	6039	3088	2951	797	1418	606	6300
1998-10-01	3252	3028	850	1515	667	5831	2946	2884	774	1383	629	6280
1998-11-01	3163	2937	885	1468	647	5711	2906	2805	862	1400	594	6100
1998-12-01	3212	2820	863	1413	629	5565	3125	2440	900	1376	566	6032
1999-01-01	3133	2844	877	1299	621	6604	3644	2960	1073	1545	657	5976
1999-02-01	3212	2899	914	1287	669	6563	3634	2929	1020	1479	678	6111
1999-03-01	2911	2872	735	1297	660	6119	3242	2877	854	1432	641	5783
1999-04-01	3030	2974	815	1307	714	5688	2959	2729	802	1297	642	6004
1999-05-01	3111	2686	803	1304	666	5507	2906	2602	720	1202	613	5796
1999-06-01	3099	2852	826	1426	715	6271	3159	3112	765	1351	750	5951
1999-07-01	3134	2890	829	1344	662	6319	3137	3182	769	1318	733	6025
1999-08-01	3069	2769	870	1303	581	5826	2842	2984	793	1247	692	5838
1999-09-01	3057	2858	836	1379	605	5661	2790	2871	769	1264	615	5915
1999-10-01	3078	2700	809	1246	602	5372	2799	2573	735	1132	573	5778
1999-11-01	2966	2750	786	1217	604	5380	2748	2632	773	1165	556	5716
1999-12-01	2996	2657	695	1319	624	5245	2932	2313	727	1286	565	5653
2000-01-01	2978	2730	793	1297	656	6316	3468	2848	975	1534	696	5708
2000-02-01	3140	2718	748	1300	601	6284	3541	2744	837	1490	608	5858
2000-03-01	2886	2847	803	1263	605	6069	3219	2850	932	1395	584	5733
2000-04-01	2848	2633	760	1244	547	5212	2776	2436	736	1238	502	5481
2000-05-01	2944	2814	845	1301	593	5460	2741	2719	760	1199	544	5758
2000-06-01	2910	2741	785	1267	575	5959	2993	2967	726	1209	602	5651
2000-07-01	2949	2798	816	1276	632	6028	2949	3079	751	1250	697	5747
2000-08-01	3006	2847	794	1366	682	5863	2800	3064	724	1309	798	5853
2000-09-01	2950	2675	790	1308	696	5359	2683	2676	725	1192	705	5625
2000-10-01	2961	2573	820	1334	583	5153	2700	2453	746	1208	560	5534
2000-11-01	3000	2640	818	1318	557	5336	2806	2530	808	1268	515	5639
2000-12-01	3079	2555	728	1318	559	5264	3021	2243	770	1288	511	5634
2001-01-01	3262	2761	833	1430	582	6647	3786	2861	1022	1685	616	6023
2001-02-01	3305	2784	944	1408	581	6523	3719	2804	1058	1618	585	6089
2001-03-01	3313	2828	854	1429	751	6509	3692	2818	987	1579	720	6141
2001-04-01	3426	2845	861	1389	791	6004	3354	2650	822	1379	739	6271
2001-05-01	3407	2819	828	1458	782	5901	3178	2724	741	1337	719	6226
2001-06-01	3545	2940	870	1437	810	6816	3611	3205	803	1373	843	6484
2001-07-01	3570	3013	865	1538	817	6858	3530	3328	792	1507	898	6583
2001-08-01	3847	3195	906	1663	870	7017	3582	3434	827	1594	996	7042
2001-09-01	3803	3339	964	1657	923	6766	3441	3325	888	1508	940	7142
2001-10-01	4199	3495	966	1766	997	7175	3827	3348	882	1601	966	7694
2001-11-01	4408	3595	998	1854	1098	7617	4173	3443	990	1792	1025	8003
2001-12-01	4447	3811	1049	1853	1131	7773	4382	3391	1132	1817	1045	8258
2002-01-01	4489	3693	1041	1992	1088	9051	5235	3816	1267	2331	1149	8182
2002-02-01	4476	3739	1057	1986	1105	8823	5055	3768	1189	2278	1105	8215
2002-03-01	4538	3766	1032	2013	1085	8776	5052	3724	1185	2217	1037	8304
2002-04-01	4623	3976	1179	2058	1125	8255	4543	3712	1112	2046	1064	8599
2002-05-01	4543	3856	1064	2071	1145	7969	4255	3713	959	1899	1063	8399
2002-06-01	4618	3776	992	2038	1150	8758	4672	4086	922	1956	1186	8393
2002-07-01	4590	3800	1075	1923	1141	8693	4500	4193	978	1888	1248	8390
2002-08-01	4606	3698	1035	1968	1086	8271	4299	3971	947	1892	1233	8304
2002-09-01	4566	3684	965	1915	1126	7790	4114	3676	890	1733	1153	8251
2002-10-01	4535	3771	1080	1870	1168	7769	4128	3641	986	1691	1132	8307
2002-11-01	4754	3766	1122	1965	1121	8170	4546	3624	1116	1911	1053	8520
2002-12-01	4810	3831	1116	2004	1131	8209	4760	3448	1220	1979	1047	8640
2003-01-01	4820	3700	1104	1988	1176	9395	5590	3804	1326	2330	1234	8520
2003-02-01	4795	3823	1122	2054	1177	9260	5421	3839	1271	2361	1169	8618
2003-03-01	4707	3881	1111	2090	1211	9018	5228	3790	1266	2287	1160	8588
2003-04-01	4980	3862	1091	2179	1201	8501	4891	3610	1031	2150	1142	8842
2003-05-01	5037	3919	1145	2117	1197	8500	4739	3761	1040	1938	1123	8957
2003-06-01	5237	4029	1169	2169	1235	9649	5269	4380	1090	2076	1262	9266
2003-07-01	5143	3868	1102	2037	1219	9319	5021	4298	1002	2004	1334	9011
2003-08-01	4954	3942	1172	2047	1263	8830	4608	4222	1069	1966	1425	8896
2003-09-01	4996	3925	1073	2018	1269	8436	4501	3935	998	1835	1305	8921
2003-10-01	4874	3858	1144	2071	1238	8169	4413	3756	1036	1875	1203	8732
2003-11-01	4869	3707	1102	2020	1231	8269	4683	3586	1093	1971	1162	8576
2003-12-01	4534	3783	991	2055	1221	7945	4512	3433	1086	2039	1128	8317
2004-01-01	4528	3843	1117	1855	1188	9144	5224	3920	1326	2176	1235	8370
2004-02-01	4405	3762	1078	1896	1176	8770	5012	3758	1227	2182	1165	8167
2004-03-01	4556	3935	1099	2001	1167	8834	5039	3794	1242	2202	1120	8491
2004-04-01	4474	3696	1035	2003	1148	7837	4373	3464	987	1976	1094	8170
2004-05-01	4544	3668	1073	1918	1149	7792	4292	3500	975	1757	1084	8212
2004-06-01	4461	3825	1072	1990	1093	8616	4483	4133	1003	1873	1110	8286
2004-07-01	4387	3749	1017	1905	1062	8518	4302	4215	929	1871	1169	8136
2004-08-01	4431	3560	1013	1881	1080	7940	4125	3815	931	1803	1214	7990
2004-09-01	4396	3532	1103	1770	1037	7545	3980	3565	1025	1611	1061	7927
2004-10-01	4462	3599	1057	1822	1023	7531	4028	3503	948	1650	997	8061
2004-11-01	4398	3534	1021	1814	1032	7665	4224	3441	1012	1776	982	7932
2004-12-01	4402	3532	1035	1805	1013	7599	4385	3214	1133	1808	941	7934
2005-01-01	4244	3541	972	1795	997	8444	4846	3598	1144	2096	1029	7784
2005-02-01	4360	3620	984	1859	972	8549	4959	3590	1126	2129	964	7980
2005-03-01	4221	3516	978	1811	982	7986	4631	3356	1104	1994	948	7737
2005-04-01	4106	3566	1031	1696	996	7335	3992	3343	991	1679	944	7672
2005-05-01	4023	3628	993	1708	986	7287	3830	3457	904	1582	935	7651
2005-06-01	3980	3544	885	1827	945	7870	4038	3832	834	1722	955	7524
2005-07-01	3899	3506	986	1823	965	7839	3871	3967	913	1794	1073	7406
2005-08-01	3965	3380	967	1787	867	7327	3694	3634	897	1705	966	7345
2005-09-01	4031	3521	1046	1888	970	7259	3684	3575	972	1725	1002	7553
2005-10-01	3888	3565	917	1836	951	6964	3498	3466	813	1661	921	7453
2005-11-01	4014	3552	935	1823	939	7271	3816	3455	917	1771	888	7566
2005-12-01	3850	3428	919	1716	901	6956	3854	3102	991	1722	838	7279
2006-01-01	3708	3356	888	1674	878	7608	4209	3399	1041	1943	911	7064
2006-02-01	3847	3337	906	1664	916	7692	4400	3292	1040	1905	913	7184
2006-03-01	3781	3291	879	1583	935	7255	4136	3119	991	1756	907	7072
2006-04-01	3851	3268	883	1684	936	6804	3740	3064	860	1673	879	7120
2006-05-01	3840	3140	898	1636	879	6655	3672	2983	816	1528	838	6980
2006-06-01	3744	3258	905	1601	884	7341	3799	3542	851	1510	891	7001
2006-07-01	3840	3335	904	1717	868	7602	3819	3783	840	1684	972	7175
2006-08-01	3839	3252	870	1773	777	7086	3581	3505	812	1684	857	7091
2006-09-01	3551	3296	815	1593	889	6625	3267	3357	756	1453	906	6847
2006-10-01	3619	3108	741	1580	806	6272	3253	3018	653	1425	779	6727
2006-11-01	3685	3187	836	1672	795	6576	3479	3097	815	1617	752	6872
2006-12-01	3671	3091	856	1637	802	6491	3684	2806	915	1643	754	6762
2007-01-01	3903	3214	882	1653	907	7649	4406	3243	1034	1900	943	7116
2007-02-01	3886	3040	958	1668	827	7400	4421	2979	1090	1904	831	6927
2007-03-01	3710	3022	906	1539	797	6913	4047	2865	1015	1706	776	6731
2007-04-01	3765	3085	896	1568	812	6532	3651	2881	881	1557	757	6850
2007-05-01	3734	3032	818	1667	869	6486	3587	2899	749	1565	829	6766
2007-06-01	3853	3125	800	1583	890	7295	3900	3395	756	1494	897	6979
2007-07-01	3869	3280	878	1750	938	7556	3841	3715	821	1705	1056	7149
2007-08-01	3808	3259	785	1696	928	7088	3569	3519	739	1607	1017	7067
2007-09-01	3929	3242	918	1748	898	6952	3640	3312	853	1615	895	7170
2007-10-01	3975	3262	882	1781	928	6773	3598	3174	779	1623	900	7237
2007-11-01	3939	3301	944	1751	964	6917	3722	3195	916	1690	910	7240
2007-12-01	4176	3469	946	1803	938	7371	4201	3170	1003	1814	895	7645
2008-01-01	4287	3398	951	1812	936	8221	4796	3425	1112	2066	982	7685
2008-02-01	4126	3371	900	1802	923	7953	4661	3292	1020	2048	934	7497
2008-03-01	4278	3544	1025	1928	946	8027	4651	3376	1138	2121	923	7822
2008-04-01	4241	3396	934	1895	956	7287	4119	3168	927	1865	883	7637
2008-05-01	4633	3762	987	1925	982	8076	4459	3617	911	1811	939	8395
2008-06-01	4778	3798	1060	1955	1062	8933	4818	4115	998	1844	1066	8575
2008-07-01	5133	3804	1042	2074	1117	9433	5122	4311	980	2037	1252	8937
2008-08-01	5175	4262	1172	2234	1288	9479	4872	4606	1108	2126	1397	9438
2008-09-01	5529	3965	1178	2364	1187	9199	5153	4046	1097	2218	1178	9494
2008-10-01	5841	4233	1269	2460	1425	9469	5344	4125	1130	2257	1382	10074
2008-11-01	6082	4456	1309	2677	1452	10015	5725	4290	1272	2577	1372	10538
2008-12-01	6604	4682	1342	3002	1637	10999	6678	4320	1417	3023	1583	11286
2009-01-01	7058	5000	1506	3176	1772	13009	7962	5047	1755	3616	1863	12058
2009-02-01	7605	5293	1607	3274	1866	13699	8517	5182	1801	3706	1888	12898
2009-03-01	7952	5474	1714	3528	1966	13895	8644	5251	1882	3854	1927	13426
2009-04-01	8347	5506	1788	3654	1994	13248	8107	5141	1781	3568	1831	13853
2009-05-01	8716	5783	1852	3832	2169	13973	8399	5574	1736	3609	2070	14499
2009-06-01	8701	6006	1918	3721	2189	15095	8647	6448	1802	3514	2194	14707
2009-07-01	8636	5966	1884	3607	2177	15201	8515	6686	1790	3563	2422	14601
2009-08-01	8835	5979	1922	3698	2190	14823	8363	6460	1807	3535	2373	14814
2009-09-01	8911	6098	1814	4010	2296	14538	8335	6203	1682	3810	2283	15009
2009-10-01	9135	6218	1833	4194	2176	14547	8462	6085	1655	3846	2120	15352
2009-11-01	9047	6172	1762	3920	2209	14407	8505	5902	1722	3764	2093	15219
2009-12-01	8898	6200	1792	3974	2234	14740	8985	5756	1892	4005	2175	15098
2010-01-01	8987	6059	1826	3891	2237	16147	10021	6126	2116	4406	2351	15046
2010-02-01	8939	6175	1837	4149	2254	15991	9923	6068	2046	4664	2285	15113
2010-03-01	8970	6233	1764	4309	2210	15678	9696	5982	1914	4674	2172	15202
2010-04-01	8967	6359	1776	4184	2196	14609	8699	5910	1778	4056	2015	15325
2010-05-01	8531	6318	1770	4183	2109	14369	8252	6117	1683	3945	2012	14849
2010-06-01	8511	5963	1714	4014	2038	14885	8521	6363	1603	3786	2043	14474
2010-07-01	8425	6087	1608	3775	2096	15137	8323	6814	1538	3739	2317	14512
2010-08-01	8475	6173	1665	3850	2094	14759	8093	6666	1562	3698	2273	14648
2010-09-01	8398	6181	1843	3674	2089	14140	7886	6254	1691	3521	2084	14579
2010-10-01	8228	6288	1762	3715	2135	13903	7705	6198	1611	3452	2081	14516
2010-11-01	8611	6470	1814	3760	2341	14282	8111	6171	1788	3616	2228	15081
2010-12-01	8217	6131	1752	3712	2221	13997	8278	5719	1850	3761	2140	14348
2011-01-01	7945	6067	1645	3569	1979	14937	8796	6141	1892	4023	2062	14013
2011-02-01	7771	6049	1583	3635	1999	14542	8564	5978	1752	4056	2025	13820
2011-03-01	7732	6005	1633	3634	2060	14060	8304	5756	1756	3937	2036	13737
2011-04-01	7858	6098	1698	3716	2101	13237	7593	5644	1703	3599	1937	13957
2011-05-01	7751	6104	1656	3610	2125	13421	7515	5905	1597	3423	2012	13855
2011-06-01	7856	6105	1644	3754	2033	14409	7910	6499	1531	3538	2044	13962
2011-07-01	7736	6027	1693	3391	1988	14428	7664	6764	1641	3364	2186	13763
2011-08-01	7715	6103	1657	3438	1974	14008	7422	6587	1547	3327	2152	13818
2011-09-01	7653	6295	1690	3511	1973	13520	7189	6331	1536	3369	1973	13948
2011-10-01	7593	6001	1587	3504	2048	13102	7151	5951	1465	3258	1998	13594
2011-11-01	7328	5974	1497	3251	2079	12613	6923	5690	1483	3119	1985	13302
2011-12-01	7180	5913	1599	3192	1940	12692	7181	5511	1680	3237	1873	13093
2012-01-01	6870	5927	1487	3131	2040	13541	7526	6015	1705	3508	2108	12797
2012-02-01	6902	5911	1494	3082	2007	13430	7573	5857	1650	3422	2034	12813
2012-03-01	6875	5838	1453	2966	1996	12904	7323	5580	1561	3212	1974	12713
2012-04-01	6840	5806	1409	2947	1907	11910	6555	5355	1421	2852	1765	12646
2012-05-01	6896	5764	1470	3052	1898	12271	6697	5574	1428	2880	1783	12660
2012-06-01	6920	5772	1443	3161	1939	13184	7030	6153	1332	2967	1957	12692
2012-07-01	6863	5793	1425	3137	1943	13400	6863	6537	1395	3105	2136	12656
2012-08-01	6812	5659	1328	3139	1968	12696	6580	6116	1241	3058	2160	12471
2012-09-01	6604	5512	1322	3105	1954	11742	6221	5520	1182	3000	1943	12115
2012-10-01	6570	5553	1371	3022	1788	11741	6217	5523	1263	2831	1764	12124
2012-11-01	6499	5506	1321	2945	1895	11404	6167	5237	1310	2830	1815	12005
2012-12-01	6509	5789	1312	2925	1953	11844	6503	5341	1371	2971	1866	12298
2013-01-01	6807	5664	1334	2988	1869	13181	7426	5755	1533	3338	1907	12471
2013-02-01	6409	5541	1254	2879	1901	12500	7020	5479	1378	3186	1922	11950
2013-03-01	6226	5462	1240	2775	1851	11815	6611	5203	1334	3003	1837	11689
2013-04-01	6484	5276	1259	2714	1916	11014	6172	4843	1262	2610	1775	11760
2013-05-01	6502	5151	1226	2669	1907	11302	6316	4986	1188	2525	1770	11654
2013-06-01	6415	5336	1203	2820	1885	12248	6560	5688	1102	2643	1923	11751
2013-07-01	6348	4987	1181	2764	1855	12083	6396	5688	1163	2727	2051	11335
2013-08-01	6381	4898	1228	2690	1658	11462	6148	5314	1148	2656	1847	11279
2013-09-01	6389	4881	1153	2765	1813	10885	6009	4875	1027	2668	1804	11270
2013-10-01	6194	4941	1180	2614	1842	10773	5858	4915	1079	2451	1826	11136
2013-11-01	5946	4840	1158	2587	1698	10271	5671	4600	1153	2496	1616	10787
2013-12-01	5588	4816	1058	2548	1657	9984	5583	4402	1113	2580	1559	10404
2014-01-01	5605	4597	1010	2327	1646	10855	6153	4702	1203	2614	1676	10202
2014-02-01	5683	4666	1092	2316	1710	10893	6267	4626	1203	2568	1726	10349
2014-03-01	5528	4852	1047	2268	1679	10537	5868	4669	1139	2455	1687	10380
2014-04-01	5276	4425	934	2246	1643	9079	5018	4061	940	2160	1527	9702
2014-05-01	5315	4544	991	2350	1619	9443	5104	4339	950	2211	1487	9859
2014-06-01	5200	4261	972	2135	1639	9893	5310	4584	878	2007	1683	9460
2014-07-01	5166	4442	976	2209	1564	10307	5220	5087	958	2189	1738	9608
2014-08-01	5199	4400	986	2216	1580	9787	4991	4796	914	2191	1774	9599
2014-09-01	4886	4376	911	1944	1479	8962	4596	4366	791	1860	1471	9262
2014-10-01	4638	4352	881	2066	1516	8680	4379	4301	787	1943	1493	8990
2014-11-01	4869	4221	957	2020	1645	8630	4627	4003	955	1932	1543	9090
2014-12-01	4763	3953	955	1863	1473	8331	4748	3584	996	1875	1377	8717
2015-01-01	4863	4022	939	1910	1458	9498	5374	4124	1126	2155	1483	8885
2015-02-01	4691	3908	919	1891	1408	9095	5216	3879	1025	2106	1421	8599
2015-03-01	4647	3868	952	1877	1225	8682	4954	3729	1046	2029	1240	8515
2015-04-01	4604	3945	956	1938	1404	7966	4362	3605	967	1853	1301	8550
2015-05-01	4794	4040	970	2067	1462	8370	4546	3824	919	1927	1329	8834
2015-06-01	4464	3783	907	1906	1292	8638	4560	4078	821	1789	1333	8247
2015-07-01	4349	3818	900	1950	1320	8805	4394	4410	872	1939	1477	8167
2015-08-01	4287	3705	839	1944	1244	8162	4098	4064	770	1928	1415	7992
2015-09-01	4252	3655	839	1870	1315	7628	3984	3643	730	1778	1301	7907
2015-10-01	4242	3680	811	1841	1339	7597	3993	3604	715	1744	1308	7922
2015-11-01	4339	3661	742	1920	1342	7573	4115	3458	743	1838	1252	8000
2015-12-01	4280	3628	695	1942	1319	7542	4280	3262	742	1955	1231	7907
2016-01-01	4004	3623	775	1814	1313	8309	4569	3741	951	2073	1348	7627
2016-02-01	4110	3592	746	1823	1305	8219	4637	3582	856	2063	1326	7702
2016-03-01	4180	3781	795	1884	1390	8116	4499	3617	891	2055	1391	7961
2016-04-01	4311	3756	828	1941	1323	7413	4021	3391	830	1850	1205	8067
2016-05-01	4085	3567	779	1833	1334	7207	3851	3356	722	1695	1201	7652
2016-06-01	4185	3559	805	1805	1375	8144	4275	3869	730	1675	1417	7744
2016-07-01	4284	3356	687	1813	1320	8267	4308	3960	653	1798	1511	7641
2016-08-01	4219	3565	791	1808	1420	7996	4052	3945	726	1798	1613	7784
2016-09-01	4340	3613	932	1868	1383	7658	4043	3615	824	1784	1363	7953
2016-10-01	4291	3521	794	1968	1412	7447	4025	3423	698	1854	1378	7811
2016-11-01	4127	3426	829	1794	1279	7066	3865	3201	820	1698	1187	7553
2016-12-01	4100	3421	781	1803	1341	7170	4095	3075	840	1825	1252	7521
2017-01-01	3952	3515	776	1825	1344	8149	4514	3635	950	2076	1382	7466
2017-02-01	3943	3432	785	1717	1290	7887	4463	3424	896	1943	1311	7376
2017-03-01	3859	3261	669	1736	1330	7284	4172	3112	768	1903	1332	7119
2017-04-01	3795	3402	656	1669	1351	6555	3509	3046	656	1583	1236	7196
2017-05-01	3668	3351	641	1723	1303	6572	3436	3136	582	1592	1168	7020
2017-06-01	3652	3209	672	1672	1295	7250	3740	3510	603	1536	1336	6861
2017-07-01	3698	3127	746	1613	1274	7441	3728	3713	708	1599	1465	6825
2017-08-01	3824	3255	638	1820	1309	7287	3659	3628	575	1821	1503	7079
2017-09-01	3691	3149	729	1561	1267	6556	3397	3158	626	1471	1247	6840
2017-10-01	3633	2987	615	1537	1161	6242	3362	2880	516	1431	1124	6620
2017-11-01	3663	3096	531	1598	1168	6286	3408	2877	518	1504	1074	6759
2017-12-01	3540	3092	633	1495	1210	6278	3531	2747	693	1515	1123	6632
2018-01-01	3511	2985	566	1559	1195	7189	4079	3110	738	1806	1235	6496
2018-02-01	3468	3121	587	1556	1263	7091	3977	3114	697	1771	1281	6590
2018-03-01	3464	3035	559	1512	1251	6671	3773	2898	661	1679	1251	6499
2018-04-01	3631	2921	603	1532	1200	5932	3355	2576	603	1451	1088	6551
2018-05-01	3442	2767	547	1429	1173	5756	3206	2549	484	1301	1040	6209
2018-06-01	3487	2945	582	1533	1323	6812	3573	3238	516	1397	1364	6432
2018-07-01	3242	2888	515	1485	1248	6730	3274	3456	474	1468	1441	6130
2018-08-01	3318	2850	579	1421	1140	6370	3150	3220	516	1425	1331	6167
2018-09-01	3290	2747	594	1364	1140	5766	3002	2765	499	1272	1120	6037
2018-10-01	3304	2860	610	1474	1172	5771	3029	2742	510	1375	1132	6164
2018-11-01	3191	2924	571	1298	1291	5650	2941	2709	554	1203	1198	6115
2018-12-01	3426	2954	600	1361	1269	6029	3417	2612	661	1380	1182	6379
2019-01-01	3463	2979	579	1307	1397	7140	4031	3109	750	1554	1441	6442
2019-02-01	3243	2885	550	1313	1263	6625	3745	2880	660	1521	1279	6128
2019-03-01	3371	2830	585	1276	1197	6382	3681	2701	689	1444	1195	6201
2019-04-01	3333	2662	529	1250	1214	5387	3064	2323	527	1172	1099	5995
2019-05-01	3212	2753	516	1303	1268	5503	2971	2532	451	1176	1137	5965
2019-06-01	3140	2774	528	1456	1246	6292	3226	3066	467	1319	1286	5914
2019-07-01	3193	2776	498	1318	1264	6556	3227	3329	455	1297	1459	5969
2019-08-01	3246	2755	542	1297	1212	6203	3078	3125	477	1302	1405	6000
2019-09-01	3153	2575	490	1320	1177	5465	2867	2598	400	1227	1157	5728
2019-10-01	3188	2735	553	1372	1224	5510	2906	2603	452	1279	1180	5922
2019-11-01	3142	2765	520	1361	1182	5441	2890	2550	498	1260	1088	5907
2019-12-01	3039	2805	524	1320	1164	5503	3033	2471	588	1337	1079	5844
2020-01-01	3057	2738	540	1328	1174	6504	3629	2874	711	1579	1222	5796
2020-02-01	3048	2669	559	1276	1162	6218	3549	2668	671	1484	1177	5717
2020-03-01	3811	3374	640	1510	1491	7370	4120	3250	745	1682	1484	7185
2020-04-01	11274	11834	1820	5726	5040	22504	11010	11494	1816	5646	4924	23109
2020-05-01	10200	10775	1629	5177	4464	20514	9959	10554	1563	5048	4336	20975
2020-06-01	8921	8776	1377	4102	4257	18072	9004	9068	1319	3969	4296	17697
2020-07-01	8278	8030	1256	3683	4139	16882	8310	8572	1209	3660	4338	16308
2020-08-01	7057	6485	1073	3354	3252	13742	6889	6853	1009	3358	3444	13542
2020-09-01	6537	5998	939	3139	2837	12277	6251	6026	853	3044	2818	12535
2020-10-01	5958	5091	911	2873	2488	10620	5670	4950	809	2782	2440	11049
2020-11-01	5894	4834	858	2728	2524	10264	5643	4621	833	2624	2432	10728
2020-12-01	5694	5042	893	2726	2274	10404	5689	4715	958	2745	2190	10736
2021-01-01	5434	4696	832	2455	2422	10851	6003	4848	999	2687	2472	10130
2021-02-01	5395	4577	907	2485	2327	10486	5899	4587	1021	2686	2344	9972
