6316
6284
6069
5212
5460
5959
6028
5863
5359
5153
5336
5264
6647
6523
6509
6004
5901
6816
6858
7017
6766
7175
7617
7773
9051
8823
8776
8255
7969
8758
8693
8271
7790
7769
8170
8209
9395
9260
9018
8501
8500
9649
9319
8830
8436
8169
8269
7945
9144
8770
8834
7837
7792
8616
8518
7940
7545
7531
7665
7599
8444
8549
7986
7335
7287
7870
7839
7327
7259
6964
7271
6956
7608
7692
7255
6804
6655
7341
7602
7086
6625
6272
6576
6491
7649
7400
6913
6532
6486
7295
7556
7088
6952
6773
6917
7371
8221
7953
8027
7287
8076
8933
9433
9479
9199
9469
10015
10999
13009
13699
13895
13248
13973
15095
15201
14823
14538
14547
14407
14740
16147
15991
15678
14609
14369
14885
15137
14759
14140
13903
14282
13997
14937
14542
14060
13237
13421
14409
14428
14008
13520
13102
12613
12692
13541
13430
12904
11910
12271
13184
13400
12696
11742
11741
11404
11844
13181
12500
11815
11014
11302
12248
12083
11462
10885
10773
10271
9984
10855
10893
10537
9079
9443
9893
10307
9787
8962
8680
8630
8331
9498
9095
8682
7966
8370
8638
8805
8162
7628
7597
7573
7542
8309
8219
8116
7413
7207
8144
8267
7996
7658
7447
7066
7170
8149
7887
7284
6555
6572
7250
7441
7287
6556
6242
6286
6278
